shortcircuit
------------
SLEEP_TIME_MOISTURE MOISTURE_NSAMPLE MOISTURE_NSAMPLE_TIME stddev
                <int>            <int>                 <int>  <dbl>
1             1000000              200                100000   6.66
2             2000000              200                100000   5.23
3             4000000              200                100000  13.8
8             8000000              200                100000   8.33
4             5000000              100                200000   5.89
5             5000000              200                100000   6.68
6             5000000              400                 50000   7.29
7             5000000              800                 25000   8.20
--------------------------------------------------------------------
water
-----
SLEEP_TIME_MOISTURE MOISTURE_NSAMPLE MOISTURE_NSAMPLE_TIME stddev
              <int>            <int>                 <int>  <dbl>
1             1000000              200                100000  19.9
2             2000000              200                100000  13.6
3             4000000              200                100000  10.4
9             8000000              200                100000   6.44
4             5000000              100                200000   6.89
5             5000000              200                100000   8.05
6             5000000              400                 50000   6.80
7             5000000              500                 20000  NA
8             5000000              800                 25000   9.23
--------------------------------------------------------------------
soilwet
-------
SLEEP_TIME_MOISTURE MOISTURE_NSAMPLE MOISTURE_NSAMPLE_TIME stddev
              <int>            <int>                 <int>  <dbl>
1             1000000              200                100000   6.66
2             2000000              200                100000   5.23
3             4000000              200                100000  13.8
8             8000000              200                100000   8.33
4             5000000              100                200000   5.89
5             5000000              200                100000   6.68
6             5000000              400                 50000   7.29
7             5000000              800                 25000   8.20
--------------------------------------------------------------------
supersoilwet
-------------
SLEEP_TIME_MOISTURE MOISTURE_NSAMPLE MOISTURE_NSAMPLE_TIME stddev
              <int>            <int>                 <int>  <dbl>
1             1000000              200                100000   37.9
2             2000000              200                100000   21.2
3             4000000              200                100000   14.2
8             8000000              200                100000   15.7
4             5000000              100                200000   50.3
5             5000000              200                100000   13.3
6             5000000              400                 50000   12.9
7             5000000              800                 25000   54.6
